100
6 0200001
1 21
6 1570043
4 12111
6 2121221
6 0212121
2 301
6 0860707
0 1
0 1
6 6977297
6 7050001
3 0061
6 2000221
6 7106895
1 22
5 122012
6 0090201
4 20001
3 0012
6 9999999
6 5000021
6 8050201
5 130071
6 4980487
1 18
6 3264751
6 1707233
5 000001
6 0000001
6 2090001
5 000001
5 002011
4 19268
3 8001
2 001
6 0000709
4 00001
6 0101202
1 91
4 60001
3 1111
6 1122101
6 1022101
6 0090101
6 2120011
6 1600301
1 99
0 4
6 0000001
0 1
6 2277541
4 25262
6 8014522
3 2238
6 2101102
3 1221
5 199409
4 00001
6 0400039
0 1
4 47001
6 0220222
6 4787182
6 0000081
4 00901
1 91
2 001
6 0000001
5 212002
1 09
5 404287
6 0004001
3 0001
6 5005101
6 1111111
6 8002001
6 0000041
1 81
5 000001
6 9616911
6 0000501
6 0750001
4 11111
6 1202102
6 0000001
4 00001
1 52
4 00031
0 4
6 0047001
6 0030901
6 1591269
6 0000005
1 01
5 110011
6 4000301
6 0000002
6 6080007
6 2061001
